SAVED MEASUREMENT REANALYSIS — no new model experiments
seed event       dA          dB      mean A shift   shift SD
   1    20  -0.0051608  -0.0110913    +0.181986   0.114017
   1    21  +0.2878719  -0.0348936    +0.578238   0.830965
   1    22  +0.0895119  +0.1170868    +0.418717   0.045211
   1    46  +0.1942239  +0.1204157    -0.824142   0.028694
   1    47  +0.4762279  +0.3708924    -1.222212   0.054799
   1    48  +0.6581536  +0.5458005    -1.378200   0.078651
   2    20  +0.0502304  +0.0280537    -0.480318   0.001522
   2    21  +0.0317991  +0.0222203    -0.169257   0.004527
   2    22  -0.0520338  -0.0351272    +0.295884   0.009441
   2    46  -0.0072732  -0.0004808    +0.134590   0.005266
   2    47  -0.0071728  +0.0180143    +0.373510   0.043460
   2    48  +0.0585721  +0.0892473    +0.540800   0.040396
   3    20  +0.0223959  +0.0206723    -0.154578   0.073535
   3    21  +0.0151741  -0.0126280    +0.010197   0.066488
   3    22  +0.0056448  -0.0424618    +0.163939   0.051330
   3    46  +0.0623251  -0.0383800    +0.511624   0.049178
   3    47  +0.1496827  +0.0429662    +0.634403   0.020778
   3    48  +0.1155690  +0.0625887    +0.361758   0.011460
Both worsen: 10/18.
These are correlated, previously inspected events. Output bias counterfactuals are descriptive.
